-0.881957
-0.508668
